60a4a8c189b34b188d456c91f2d9f1d27761e94f6d3da02bafb3abf5d681fa21 0 0 0 0
4cad9126a7a0e4a7b33a6dd8b7722473302c6ee50a16881be47de286fe485155 0 0 0 0
bcc57aa0dd4b961f83c9e1cac54db25eb7cca9755c28fdb6a2c5ef7f03af73cd 0 0 0 0
50f48558fc22a539b6de32f346fda87252a77fb4a737290283c7ddf007ba1fda 0 0 0 0
4cad9126a7a0e4a7b33a6dd8b7722473302c6ee50a16881be47de286fe485155 0 0 0 0
bcc57aa0dd4b961f83c9e1cac54db25eb7cca9755c28fdb6a2c5ef7f03af73cd 0 0 0 0
50f48558fc22a539b6de32f346fda87252a77fb4a737290283c7ddf007ba1fda 0 0 0 0
4cad9126a7a0e4a7b33a6dd8b7722473302c6ee50a16881be47de286fe485155 6 3 276 5
bcc57aa0dd4b961f83c9e1cac54db25eb7cca9755c28fdb6a2c5ef7f03af73cd 18 16 23623 2722
50f48558fc22a539b6de32f346fda87252a77fb4a737290283c7ddf007ba1fda 1 1 4926 0
60a4a8c189b34b188d456c91f2d9f1d27761e94f6d3da02bafb3abf5d681fa21 7 7 702 8
